7838
2216
8036
1488
6327
6058
6683
2508
8411
5414
7740
2050
7249
5347
7141
1719
2924
4424
233
1856
583
5103
1690
5847
7764
9090
8701
8008
2940
7133
8142
8215
4281
4023
9439
8459
8450
6286
726
7954
7027
9006
4524
4965
9416
307
4155
6648
6490
8867
67
7073
3747
6489
4517
2420
2647
3266
889
306
7108
9125
7383
3472
3495
6948
5399
8695
7539
3022
1976
6590
9523
2978
2992
9276
1836
5365
3428
8901
6412
8766
7172
9682
2149
1168
4937
7425
2162
1178
8437
1702
9117
7617
7542
1181
3399
2697
2090
3866
4430
112
9351
3052
6243
4293
4127
1258
7213
5040
401
4341
72
33
8171
4479
1123
1056
4087
2245
2032
4544
7597
883
4144
9944
3008
1686
4000
9766
1527
2363
1244
3403
7988
3425
1117
1984
7940
9760
1502
284
9617
5391
1725
3565
1515
2842
1638
3458
6331
7451
5870
3571
608
5072
3300
1610
902
775
4047
83
5908
8075
8907
5449
8650
5258
1119
9496
8190
7148
2459
9085
5574
5738
7038
995
7796
1656
6797
7450
6282
9714
40
1777
1503
3038
525
8368
8238
288
5125
1133
36
3291
729
4409
4562
4264
7530
3283
798
5841
3358
5516
8497
5820
5647
8815
6103
6221
1700
3113
4146
8634
1786
4038
8483
504
6330
6351
2088
9426
8004
2757
9098
3830
9233
8204
7188
5862
8589
1632
2851
1202
4709
2577
8821
7034
3786
2460
5210
2633
791
3471
8550
7503
1888
1653
6123
3697
6252
5161
409
5779
219
391
875
2455
9107
6523
896
2515
255
1186
2686
7633
656
3896
3024
5221
9340
6059
4559
6136
145
2961
7087
6680
222
1065
1380
9812
2482
2677
9652
1026
1516
8152
2231
7166
528
511
6634
5581
5179
3833
9960
4521
1894
5930
3554
6292
9922
7553
6040
6255
8661
3005
6962
3841
9049
9702
4797
9651
5105
590
5010
9224
7175
4015
5318
8355
2629
6416
6848
395
7819
1547
2097
7307
7333
6465
491
9048
6269
4607
3178
481
4297
4753
3989
6776
2372
2521
783
1993
5517
8509
9579
1964
8433
5260
8916
661
5434
5406
6773
2636
5798
2000
5330
2184
1740
2908
1141
247
5441
3192
9237
354
4735
9478
1095
6080
3639
1074
7324
998
243
5226
5563
5553
6003
4704
6437
6755
3416
3638
3287
9888
1975
8954
5703
2433
4980
3374
625
2204
7724
958
7406
4459
2705
8074
501
8434
4027
8101
2597
125
202
3939
6500
3673
4249
7453
4058
9341
4951
580
9896
1861
5688
4745
4422
7366
3076
1544
6197
4902
1669
2065
1514
448
5424
6944
2454
3548
5497
2856
2402
1174
5500
7605
4335
3343
2754
4253
2304
7145
1314
6739
7779
1165
9041
3799
8086
8119
8884
5479
5205
4826
2389
6714
7070
9793
7528
4705
9574
9721
9151
8295
1879
8140
1985
8651
3872
6004
6963
676
9946
3845
1899
3996
4890
3898
8858
2022
3161
5626
9435
1185
529
1904
9313
2929
3114
8874
